if game.PlaceId == 2753915549 then
	World1 = true
elseif game.PlaceId == 4442272183 then
	World2 = true
elseif game.PlaceId == 7449423635 then
	World3 = true
end

function CheckQuest() 
	local MyLevel = game.Players.LocalPlayer.Data.Level.Value
    if World1 then
		if MyLevel == 1 or MyLevel <= 9 or _G.Select_Mob_Farm == "Bandit [Lv. 5]" then -- Bandit
			Ms = "Bandit [Lv. 5]"
			NameQuest = "BanditQuest1"
			LevelQuest = 1
			NameMon = "Bandit"
			CFrameQuest = CFrame.new(1061.66699, 16.5166187, 1544.52905, -0.942978859, -3.33851502e-09, 0.332852632, 7.04340497e-09, 1, 2.99841325e-08, -0.332852632, 3.06188177e-08, -0.942978859)
			CFrameMon = CFrame.new(1199.31287, 52.2717781, 1536.91516, -0.929782331, 6.60215846e-08, -0.368109822, 3.9077392e-08, 1, 8.06501603e-08, 0.368109822, 6.06023249e-08, -0.929782331)
			SPAWNPOINT = "Default"
        elseif MyLevel == 10 or MyLevel <= 14 or _G.Select_Mob_Farm == "Monkey [Lv. 14]" then -- Monkey
			Ms = "Monkey [Lv. 14]"
			NameQuest = "JungleQuest"
			LevelQuest = 1
			NameMon = "Monkey"
			CFrameQuest = CFrame.new(-1604.12012, 36.8521118, 154.23732, 0.0648873374, -4.70858913e-06, -0.997892559, 1.41431883e-07, 1, -4.70933674e-06, 0.997892559, 1.64442184e-07, 0.0648873374)
			CFrameMon = CFrame.new(-1502.74609, 98.5633316, 90.6417007, 0.836947978, 0, 0.547282517, -0, 1, -0, -0.547282517, 0, 0.836947978)
			SPAWNPOINT = "Jungle"
		elseif MyLevel == 15 or MyLevel <= 29 or _G.Select_Mob_Farm == "Gorilla [Lv. 20]" then -- Gorilla
			Ms = "Gorilla [Lv. 20]"
			NameQuest = "JungleQuest"
			LevelQuest = 2
			NameMon = "Gorilla"
			CFrameQuest = CFrame.new(-1604.12012, 36.8521118, 154.23732, 0.0648873374, -4.70858913e-06, -0.997892559, 1.41431883e-07, 1, -4.70933674e-06, 0.997892559, 1.64442184e-07, 0.0648873374)
			CFrameMon = CFrame.new(-1223.52808, 6.27936459, -502.292664, 0.310949147, -5.66602516e-08, 0.950426519, -3.37275488e-08, 1, 7.06501808e-08, -0.950426519, -5.40241736e-08, 0.310949147)
			SPAWNPOINT = "Jungle"
		elseif MyLevel == 30 or MyLevel <= 39 or _G.Select_Mob_Farm == "Pirate [Lv. 35]" then -- Pirate
			Ms = "Pirate [Lv. 35]"
			NameQuest = "BuggyQuest1"
			LevelQuest = 1
			NameMon = "Pirate"
			CFrameQuest = CFrame.new(-1139.59717, 4.75205183, 3825.16211, -0.959730506, -7.5857054e-09, 0.280922383, -4.06310328e-08, 1, -1.11807175e-07, -0.280922383, -1.18718916e-07, -0.959730506)
			CFrameMon = CFrame.new(-1219.32324, 4.75205183, 3915.63452, -0.966492832, -6.91238853e-08, 0.25669381, -5.21195496e-08, 1, 7.3047012e-08, -0.25669381, 5.72206496e-08, -0.966492832)
			SPAWNPOINT = "Pirate"
   end
    end
end

function AutoHaki()
	if not game:GetService("Players").LocalPlayer.Character:FindFirstChild("HasBuso") then
		game:GetService("ReplicatedStorage").Remotes.CommF_:InvokeServer("Buso")
	end
end
 
function EquipWeapon(ToolSe)
	if not _G.NotAutoEquip then
		if game.Players.LocalPlayer.Backpack:FindFirstChild(ToolSe) then
			Tool = game.Players.LocalPlayer.Backpack:FindFirstChild(ToolSe)
			wait(.1)
			game.Players.LocalPlayer.Character.Humanoid:EquipTool(Tool)
		end
	end
end

 function topos(Pos)
        Distance = (Pos.Position - game.Players.LocalPlayer.Character.HumanoidRootPart.Position).Magnitude
        if game.Players.LocalPlayer.Character.Humanoid.Sit == true then game.Players.LocalPlayer.Character.Humanoid.Sit = false end
        pcall(function() tween = game:GetService("TweenService"):Create(game.Players.LocalPlayer.Character.HumanoidRootPart,TweenInfo.new(Distance/210, Enum.EasingStyle.Linear),{CFrame = Pos}) end)
        tween:Play()
        if Distance <= 250 then
            tween:Cancel()
            game.Players.LocalPlayer.Character.HumanoidRootPart.CFrame = Pos
        end
        if _G.StopTween == true then
            tween:Cancel()
            _G.Clip = false
        end
    end
    
    function GetDistance(target)
        return math.floor((target.Position - game.Players.LocalPlayer.Character.HumanoidRootPart.Position).Magnitude)
    end


function StopTween(target)
	if not target then
		_G.StopTween = true
		wait()
		topos(game:GetService("Players").LocalPlayer.Character.HumanoidRootPart.CFrame)
		wait()
		if game:GetService("Players").LocalPlayer.Character.HumanoidRootPart:FindFirstChild("BodyClip") then
			game:GetService("Players").LocalPlayer.Character.HumanoidRootPart:FindFirstChild("BodyClip"):Destroy()
		end
		_G.StopTween = false
		_G.Clip = false
	end
end

function UseCode(Text)
	game:GetService("ReplicatedStorage").Remotes.Redeem:InvokeServer(Text)
end

function hop()
    local PlaceID = game.PlaceId
    local AllIDs = {}
    local foundAnything = ""
    local actualHour = os.date("!*t").hour
    local Deleted = false
    function TPReturner()
        local Site;
        if foundAnything == "" then
            Site = game.HttpService:JSONDecode(game:HttpGet('https://games.roblox.com/v1/games/' .. PlaceID .. '/servers/Public?sortOrder=Asc&limit=100'))
        else
            Site = game.HttpService:JSONDecode(game:HttpGet('https://games.roblox.com/v1/games/' .. PlaceID .. '/servers/Public?sortOrder=Asc&limit=100&cursor=' .. foundAnything))
        end
        local ID = ""
        if Site.nextPageCursor and Site.nextPageCursor ~= "null" and Site.nextPageCursor ~= nil then
            foundAnything = Site.nextPageCursor
        end
        local num = 0;
        for i,v in pairs(Site.data) do
            local Possible = true
            ID = tostring(v.id)
            if tonumber(v.maxPlayers) > tonumber(v.playing) then
                for _,Existing in pairs(AllIDs) do
                    if num ~= 0 then
                        if ID == tostring(Existing) then
                            Possible = false
                        end
                    else
                        if tonumber(actualHour) ~= tonumber(Existing) then
                            local delFile = pcall(function()
                                -- delfile("NotSameServers.json")
                                AllIDs = {}
                                table.insert(AllIDs, actualHour)
                            end)
                        end
                    end
                    num = num + 1
                end
                if Possible == true then
                    table.insert(AllIDs, ID)
                    wait()
                    pcall(function()
                        -- writefile("NotSameServers.json", game:GetService('HttpService'):JSONEncode(AllIDs))
                        wait()
                        game:GetService("TeleportService"):TeleportToPlaceInstance(PlaceID, ID, game.Players.LocalPlayer)
                    end)
                    wait(4)
                end
            end
        end
    end
    function Teleport()
        while wait() do
            pcall(function()
                TPReturner()
                if foundAnything ~= "" then
                    TPReturner()
                end
            end)
        end
    end
    Teleport()
end

	local PlaceID = game.PlaceId
	local AllIDs = {}
	local foundAnything = ""
	local actualHour = os.date("!*t").hour
	local Deleted = false
	local File = pcall(function()
		AllIDs = game:GetService('HttpService'):JSONDecode(readfile("NotSameServers.json"))
	end)
	if not File then
		table.insert(AllIDs, actualHour)
		writefile("NotSameServers.json", game:GetService('HttpService'):JSONEncode(AllIDs))
	end
	function TPReturner()
		local Site;
		if foundAnything == "" then
			Site = game.HttpService:JSONDecode(game:HttpGet('https://games.roblox.com/v1/games/' .. PlaceID .. '/servers/Public?sortOrder=Asc&limit=100'))
		else
			Site = game.HttpService:JSONDecode(game:HttpGet('https://games.roblox.com/v1/games/' .. PlaceID .. '/servers/Public?sortOrder=Asc&limit=100&cursor=' .. foundAnything))
		end
		local ID = ""
		if Site.nextPageCursor and Site.nextPageCursor ~= "null" and Site.nextPageCursor ~= nil then
			foundAnything = Site.nextPageCursor
		end
		local num = 0;
		for i,v in pairs(Site.data) do
			local Possible = true
			ID = t
				SaveSetting()ostring(v.id)
			if tonumber(v.maxPlayers) > tonumber(v.playing) then
				for _,Existing in pairs(AllIDs) do
					if num ~= 0 then
						if ID == tostring(Existing) then
							Possible = false
						end
					else
						if tonumber(actualHour) ~= tonumber(Existing) then
							local delFile = pcall(function()
								delfile("NotSameServers.json")
								AllIDs = {}
								table.insert(AllIDs, actualHour)
							end)
						end
					end
					num = num + 1
				end
				if Possible == true then
					table.insert(AllIDs, ID)
					wait()
					pcall(function()
						writefile("NotSameServers.json", game:GetService('HttpService'):JSONEncode(AllIDs))
						wait()
						game:GetService("TeleportService"):TeleportToPlaceInstance(PlaceID, ID, game.Players.LocalPlayer)
					end)
					wait(1)
				end
			end
		end
	end

 function Teleport()
		while wait() do
			pcall(function()
				TPReturner()
				if foundAnything ~= "" then
					TPReturner()
				end
			end)
		end
	end

 
